     1      2      1   -0.31495510   1.9359809   7.7102278   5.5430929 #U00:C1
     2      2      2    1.27700490   1.4095530   6.4599206   4.5561921 #U00:Si2
     3      2      3   -0.68903510   1.8188572   5.0793731   5.1647810 #U00:O3
     4      2      4   -0.76919510  -0.0978524   6.4512379   4.3259153 #U00:O4
     5      2      5    1.27700490  -1.4178720   7.2239972   4.4410537 #U00:Si5
     6      2      6   -0.31495510  -2.6390218   6.2949495   5.0825392 #U00:C6
     7      2      7   -0.68903510  -1.2222271   8.5264006   5.2634710 #U00:O7
     8      2      8   -0.76919510  -1.7835466   7.6320836   3.0264958 #U00:O8
     9      2      9    1.27700490  -1.2005619   7.6668144   1.6119380 #U00:Si9
    10      2     10   -0.31495510  -1.9267642   6.5206994   0.6414855 #U00:C10
    11      2     11   -0.68903510  -1.4756857   9.0994581   1.1020392 #U00:O11
    12      2     12   -0.76919510   0.2911632   7.5365741   1.8422149 #U00:O12
    13      2     13    1.27700490   1.6544533   6.8853724   1.7435248 #U00:Si13
    14      2     14   -0.31495510   1.7357875   5.5308729   0.7730723 #U00:C14
    15      2     15   -0.68903510   2.6259150   7.9967566   1.2336260 #U00:O15
    16      2     16   -0.76919510   2.0320378   6.5641129   3.1745310 #U00:O16
    17      2     17    0.05261850   1.1041459   8.3093334   5.8885082 #U00:H17
    18      2     18    0.05261850   2.4417609   7.2847761   6.4148553 #U00:H18
    19      2     19    0.05261850   2.6208278   8.3440641   4.9838491 #U00:H19
    20      2     20    0.33832490   0.9614071   4.6278732   5.2799194 #U00:H20
    21      2     21    0.05261850  -3.4415310   6.1907573   4.3423636 #U00:H21
    22      2     22    0.05261850  -3.0267207   6.7638147   5.9871983 #U00:H22
    23      2     23    0.05261850  -2.2527593   5.3138057   5.3128161 #U00:H23
    24      2     24    0.33832490  -1.4395970   9.2383811   4.6384338 #U00:H24
    25      2     25    0.05261850  -2.6664923   5.9650073   1.2007293 #U00:H25
    26      2     26    0.05261850  -2.4165647   7.0069300  -0.1973802 #U00:H26
    27      2     27    0.05261850  -1.1933801   5.8174016   0.2467252 #U00:H27
    28      2     28    0.33832490  -1.9890067   8.9865831   0.2631736 #U00:H28
    29      2     29    0.05261850   0.7867092   5.3138057   0.2960702 #U00:H29
    30      2     30    0.05261850   2.0390999   4.6712867   1.3652128 #U00:H30
    31      2     31    0.05261850   2.4812610   5.7045267  -0.0164483 #U00:H31
    32      2     32    0.33832490   3.1389367   8.2311892   2.0395950 #U00:H32
